2007 1	1230
2007 2	1252
2007 3	1273
2007 4	1334
2008 1	1435
2008 2	1589
2008 3	1599
2008 4	1794
2009 1	1845
2009 2	1754
2009 3	1773
2009 4	1727
2010 1	1584
2010 2	1482
2010 3	1528
2010 4	1538
2011 1	1532
2011 2	1559
2011 3	1532
2011 4	1543
2012 1	1484
2012 2	1479
2012 3	1418
2012 4	1414
2013 1	1431
2013 2	1465
2013 3	1472
2013 4	1446
2014 1	1465
2014 2	1413
2014 3	1362
2014 4	1357
2015 1	1239
2015 2	1214
2015 3	1299
2015 4	1268
2016 1	1325
2016 2	1313
2016 3	1251
2016 4	1247
2017 1	1230
2017 2	1243
2017 3	1330
2017 4	1302
2018 1	1317
2018 2	1287
2018 3	1304
2018 4	1286
2019 1	1278
2019 2	1310
2019 3	1328
2019 4	1302
2020 1	1317
2020 2	1345
2020 3	1388
2020 4	1333
2021 1	1343
2021 2	1351
2021 3	1365
2021 4	1353